1.000e+03 0 -422.169
1.010e+05 0 -413.189
2.010e+05 0 -369.963
3.000e+05 0 -452.584
4.010e+05 0 -428.608
5.010e+05 0 -428.737
6.000e+05 0 -383.233
7.000e+05 0 -390.306
8.010e+05 0 -456.765
9.010e+05 0 -375.449
1.000e+06 0 -313.920
1.100e+06 0 -264.158
1.200e+06 0 -211.074
1.300e+06 0 -236.765
1.400e+06 0 -224.859
1.500e+06 0 -222.249
1.600e+06 0 -251.229
1.700e+06 0 -184.803
1.800e+06 0 -174.431
1.900e+06 0 -140.995
2.001e+06 0 -214.376
2.100e+06 0 -263.387
2.200e+06 0 -249.217
2.300e+06 0 -195.414
2.400e+06 0 -198.337
2.500e+06 0 -142.980
2.600e+06 0 -145.022
2.700e+06 0 -148.343
2.800e+06 0 -116.306
2.900e+06 0 -72.736
3.000e+06 0 -44.076
3.101e+06 0 -40.152
3.201e+06 0 -55.140
3.301e+06 0 -20.091
3.401e+06 0 -71.825
3.501e+06 0 -72.853
3.601e+06 0 -14.704
3.701e+06 0 -15.884
3.801e+06 0 -15.279
3.901e+06 0 -65.116
4.001e+06 0 -107.649
4.101e+06 0 -89.168
4.201e+06 0 2.866
4.301e+06 0 62.106
4.401e+06 0 98.937
4.501e+06 0 90.068
4.601e+06 0 78.402
4.701e+06 0 5.458
4.801e+06 0 0.338
4.901e+06 0 -12.181
5.001e+06 0 -32.592
5.101e+06 0 -12.706
5.201e+06 0 -147.735
5.301e+06 0 -82.360
5.401e+06 0 6.800
5.501e+06 0 43.089
5.601e+06 0 2.915
5.701e+06 0 -63.392
5.801e+06 0 -36.971
5.901e+06 0 -45.117
6.001e+06 0 -10.575
6.101e+06 0 -79.941
6.201e+06 0 7.551
6.301e+06 0 -12.839
6.401e+06 0 -32.917
6.501e+06 0 -18.076
6.601e+06 0 -29.606
6.701e+06 0 -80.424
6.801e+06 0 31.840
6.901e+06 0 61.888
7.001e+06 0 26.098
7.101e+06 0 47.641
7.201e+06 0 48.468
7.301e+06 0 -24.051
7.401e+06 0 -41.113
7.501e+06 0 -98.399
7.601e+06 0 -153.451
7.701e+06 0 -180.384
7.801e+06 0 -252.770
7.901e+06 0 -268.464
8.001e+06 0 -335.124
8.101e+06 0 -302.499
8.201e+06 0 -277.657
8.300e+06 0 -297.193
8.400e+06 0 -293.227
8.500e+06 0 -323.902
8.600e+06 0 -324.820
8.700e+06 0 -360.875
8.800e+06 0 -335.266
8.900e+06 0 -342.773
9.000e+06 0 -292.494
9.100e+06 0 -371.743
9.200e+06 0 -361.587
9.300e+06 0 -344.751
9.400e+06 0 -350.630
9.500e+06 0 -436.156
9.600e+06 0 -357.617
9.701e+06 0 -349.172
9.800e+06 0 -328.315
9.900e+06 0 -327.108
1.000e+07 0 -320.007
1.010e+07 0 -405.399
1.020e+07 0 -375.375
1.030e+07 0 -331.018
1.040e+07 0 -303.146
1.050e+07 0 -342.795
1.060e+07 0 -331.242
1.070e+07 0 -343.484
1.080e+07 0 -296.725
1.090e+07 0 -226.398
1.100e+07 0 -229.317
1.110e+07 0 -184.043
1.120e+07 0 -199.883
1.130e+07 0 -246.420
1.140e+07 0 -155.987
1.150e+07 0 -211.210
1.160e+07 0 -184.071
1.170e+07 0 -268.147
1.180e+07 0 -265.509
1.190e+07 0 -245.687
1.200e+07 0 -283.803
1.210e+07 0 -344.911
1.220e+07 0 -328.686
1.230e+07 0 -357.471
1.240e+07 0 -298.307
1.250e+07 0 -397.911
1.260e+07 0 -348.169
1.270e+07 0 -380.997
1.280e+07 0 -380.718
1.290e+07 0 -279.791
1.300e+07 0 -204.842
1.310e+07 0 -264.741
1.320e+07 0 -261.138
1.330e+07 0 -204.060
1.340e+07 0 -213.537
1.350e+07 0 -167.479
1.360e+07 0 -149.062
1.370e+07 0 -88.479
1.380e+07 0 -82.382
1.390e+07 0 -40.993
1.400e+07 0 -42.025
1.410e+07 0 -8.218
1.420e+07 0 -52.513
1.430e+07 0 -12.318
1.440e+07 0 12.591
1.450e+07 0 -41.486
1.460e+07 0 -48.268
1.470e+07 0 -73.812
1.480e+07 0 -73.026
1.490e+07 0 -36.463
1.500e+07 0 51.579
1.510e+07 0 46.334
1.520e+07 0 41.383
1.530e+07 0 -15.041
1.540e+07 0 -2.674
1.550e+07 0 -40.301
1.560e+07 0 -38.534
1.570e+07 0 -83.797
1.580e+07 0 -120.787
1.590e+07 0 -178.926
1.600e+07 0 -206.322
1.610e+07 0 -123.907
1.620e+07 0 -89.366
1.630e+07 0 -140.537
1.640e+07 0 -135.447
1.650e+07 0 -46.126
1.660e+07 0 -24.316
1.670e+07 0 -2.565
1.680e+07 0 -24.697
1.690e+07 0 -49.127
1.700e+07 0 -61.801
1.710e+07 0 -114.267
1.720e+07 0 -135.947
1.730e+07 0 -155.005
1.740e+07 0 -223.294
1.750e+07 0 -147.625
1.760e+07 0 -181.029
1.770e+07 0 -157.050
1.780e+07 0 -187.839
1.790e+07 0 -144.777
1.800e+07 0 -182.665
1.810e+07 0 -179.429
1.820e+07 0 -126.425
1.830e+07 0 -151.014
1.840e+07 0 -147.904
1.850e+07 0 -200.874
1.860e+07 0 -198.245
1.870e+07 0 -213.360
1.880e+07 0 -244.278
1.890e+07 0 -285.800
1.900e+07 0 -225.636
1.910e+07 0 -206.387
1.920e+07 0 -197.542
1.930e+07 0 -201.037
1.940e+07 0 -262.225
1.950e+07 0 -268.241
1.960e+07 0 -342.214
1.970e+07 0 -342.117
1.980e+07 0 -437.304
1.990e+07 0 -391.435
2.000e+07 0 -343.706
2.010e+07 0 -371.750
2.020e+07 0 -311.910
2.030e+07 0 -311.506
2.040e+07 0 -260.225
2.050e+07 0 -258.122
2.060e+07 0 -261.405
2.070e+07 0 -271.089
2.080e+07 0 -231.148
2.090e+07 0 -263.661
2.100e+07 0 -170.952
2.110e+07 0 -233.272
2.120e+07 0 -265.878
2.130e+07 0 -264.977
2.140e+07 0 -271.544
2.150e+07 0 -281.920
2.160e+07 0 -245.063
2.170e+07 0 -251.259
2.180e+07 0 -296.231
2.190e+07 0 -300.521
2.200e+07 0 -284.503
2.210e+07 0 -231.069
2.220e+07 0 -211.772
2.230e+07 0 -236.334
2.240e+07 0 -241.365
2.250e+07 0 -209.744
2.260e+07 0 -211.675
2.270e+07 0 -256.644
2.280e+07 0 -215.944
2.290e+07 0 -196.339
2.300e+07 0 -252.652
2.310e+07 0 -217.858
2.320e+07 0 -210.074
2.330e+07 0 -146.296
2.340e+07 0 -118.329
2.350e+07 0 -108.623
2.360e+07 0 -129.857
2.370e+07 0 -137.189
2.380e+07 0 -181.692
2.390e+07 0 -179.187
2.400e+07 0 -218.252
2.410e+07 0 -203.428
2.420e+07 0 -243.267
2.430e+07 0 -247.983
2.440e+07 0 -260.453
2.450e+07 0 -322.884
2.460e+07 0 -374.272
2.470e+07 0 -384.424
2.480e+07 0 -402.235
2.490e+07 0 -406.440
2.500e+07 0 -359.667
2.510e+07 0 -366.348
2.520e+07 0 -329.449
2.530e+07 0 -348.204
2.540e+07 0 -303.970
2.550e+07 0 -295.835
2.560e+07 0 -234.303
2.570e+07 0 -281.716
2.580e+07 0 -336.482
2.590e+07 0 -325.962
2.600e+07 0 -380.501
2.610e+07 0 -420.332
2.620e+07 0 -339.058
2.630e+07 0 -375.698
2.640e+07 0 -373.136
2.650e+07 0 -358.050
2.660e+07 0 -294.822
2.670e+07 0 -304.735
2.680e+07 0 -275.604
2.690e+07 0 -251.019
2.700e+07 0 -292.988
2.710e+07 0 -270.904
2.720e+07 0 -283.852
2.730e+07 0 -334.159
2.740e+07 0 -422.291
2.750e+07 0 -321.393
2.760e+07 0 -341.692
2.770e+07 0 -294.389
2.780e+07 0 -297.818
2.790e+07 0 -351.583
2.800e+07 0 -348.900
2.810e+07 0 -320.405
2.820e+07 0 -338.110
2.830e+07 0 -351.138
2.840e+07 0 -330.176
2.850e+07 0 -327.531
2.860e+07 0 -272.443
2.870e+07 0 -264.207
2.880e+07 0 -342.549
2.890e+07 0 -391.314
2.900e+07 0 -411.954
2.910e+07 0 -382.094
2.920e+07 0 -284.240
2.930e+07 0 -266.370
2.940e+07 0 -241.246
2.950e+07 0 -245.961
2.960e+07 0 -237.875
2.970e+07 0 -246.677
2.980e+07 0 -223.774
2.990e+07 0 -139.721
3.000e+07 0 -150.318
3.010e+07 0 -171.708
3.020e+07 0 -187.505
3.030e+07 0 -173.700
3.040e+07 0 -143.839
3.050e+07 0 -191.178
3.060e+07 0 -165.766
3.070e+07 0 -132.916
3.080e+07 0 -174.347
3.090e+07 0 -166.417
3.100e+07 0 -175.019
3.110e+07 0 -291.596
3.120e+07 0 -292.490
3.130e+07 0 -357.334
3.140e+07 0 -341.201
3.150e+07 0 -438.434
3.160e+07 0 -459.035
3.170e+07 0 -430.203
3.180e+07 0 -465.040
3.190e+07 0 -492.337
3.200e+07 0 -485.783
3.210e+07 0 -490.414
3.220e+07 0 -430.401
3.230e+07 0 -422.247
3.240e+07 0 -472.723
3.250e+07 0 -431.877
3.260e+07 0 -404.161
3.270e+07 0 -402.576
3.280e+07 0 -389.215
3.290e+07 0 -372.699
3.300e+07 0 -440.636
3.310e+07 0 -458.562
3.320e+07 0 -409.583
3.330e+07 0 -364.910
3.340e+07 0 -414.473
3.350e+07 0 -384.261
3.360e+07 0 -480.696
3.370e+07 0 -436.539
3.380e+07 0 -442.599
3.390e+07 0 -391.924
3.400e+07 0 -394.848
3.410e+07 0 -412.539
3.420e+07 0 -332.911
3.430e+07 0 -288.745
3.440e+07 0 -378.133
3.450e+07 0 -310.535
3.460e+07 0 -263.901
3.470e+07 0 -300.578
3.480e+07 0 -219.297
3.490e+07 0 -216.948
3.500e+07 0 -249.615
3.510e+07 0 -239.100
3.520e+07 0 -235.416
3.530e+07 0 -238.255
3.540e+07 0 -261.293
3.550e+07 0 -253.303
3.560e+07 0 -210.280
3.570e+07 0 -225.557
3.580e+07 0 -224.785
3.590e+07 0 -285.166
3.600e+07 0 -243.924
3.610e+07 0 -221.694
3.620e+07 0 -195.208
3.630e+07 0 -224.569
3.640e+07 0 -194.741
3.650e+07 0 -216.749
3.660e+07 0 -235.447
3.670e+07 0 -227.551
3.680e+07 0 -256.337
3.690e+07 0 -260.786
3.700e+07 0 -196.703
3.710e+07 0 -273.078
3.720e+07 0 -309.580
3.730e+07 0 -360.939
3.740e+07 0 -337.807
3.750e+07 0 -294.855
3.760e+07 0 -369.427
3.770e+07 0 -384.758
3.780e+07 0 -319.416
3.790e+07 0 -333.819
3.800e+07 0 -347.088
3.810e+07 0 -356.293
3.820e+07 0 -333.538
3.830e+07 0 -431.805
3.840e+07 0 -372.572
3.850e+07 0 -329.915
3.860e+07 0 -342.620
3.870e+07 0 -310.245
3.880e+07 0 -352.709
3.890e+07 0 -351.565
3.900e+07 0 -298.444
3.910e+07 0 -309.009
3.920e+07 0 -346.000
3.930e+07 0 -376.240
3.940e+07 0 -401.378
3.950e+07 0 -395.928
3.960e+07 0 -385.118
3.970e+07 0 -374.420
3.980e+07 0 -387.470
3.990e+07 0 -391.803
4.000e+07 0 -346.510
4.010e+07 0 -323.503
4.020e+07 0 -355.597
4.030e+07 0 -403.103
4.040e+07 0 -341.218
4.050e+07 0 -353.437
4.060e+07 0 -343.305
4.070e+07 0 -307.503
4.080e+07 0 -317.048
4.090e+07 0 -370.584
4.100e+07 0 -340.078
4.110e+07 0 -368.025
4.120e+07 0 -245.420
4.130e+07 0 -247.868
4.140e+07 0 -284.640
4.150e+07 0 -273.176
4.160e+07 0 -266.456
4.170e+07 0 -260.089
4.180e+07 0 -323.164
4.190e+07 0 -268.739
4.200e+07 0 -271.319
4.210e+07 0 -303.799
4.220e+07 0 -349.468
4.230e+07 0 -284.339
4.240e+07 0 -235.503
4.250e+07 0 -251.130
4.260e+07 0 -309.757
4.270e+07 0 -299.833
4.280e+07 0 -327.593
4.290e+07 0 -320.142
4.300e+07 0 -363.314
4.310e+07 0 -375.757
4.320e+07 0 -319.551
4.330e+07 0 -348.961
4.340e+07 0 -272.610
4.350e+07 0 -284.118
4.360e+07 0 -259.505
4.370e+07 0 -307.909
4.380e+07 0 -262.024
4.390e+07 0 -245.209
4.400e+07 0 -285.033
4.410e+07 0 -336.673
4.420e+07 0 -325.488
4.430e+07 0 -267.740
4.440e+07 0 -262.716
4.450e+07 0 -279.612
4.460e+07 0 -285.812
4.470e+07 0 -266.960
4.480e+07 0 -261.477
4.490e+07 0 -215.216
4.500e+07 0 -234.295
4.510e+07 0 -260.752
4.520e+07 0 -189.089
4.530e+07 0 -123.348
4.540e+07 0 -83.281
4.550e+07 0 -34.229
4.560e+07 0 -34.843
4.570e+07 0 -8.693
4.580e+07 0 -13.462
4.590e+07 0 30.425
4.600e+07 0 40.460
4.610e+07 0 56.659
4.620e+07 0 -8.135
4.630e+07 0 1.650
4.640e+07 0 26.335
4.650e+07 0 66.973
4.660e+07 0 151.729
4.670e+07 0 235.379
4.680e+07 0 214.675
4.690e+07 0 234.228
4.700e+07 0 272.377
4.710e+07 0 240.786
4.720e+07 0 204.672
4.730e+07 0 113.621
4.740e+07 0 95.671
4.750e+07 0 92.228
4.760e+07 0 148.545
4.770e+07 0 105.427
4.780e+07 0 110.674
4.790e+07 0 109.530
4.800e+07 0 49.187
4.810e+07 0 79.838
4.820e+07 0 55.133
4.830e+07 0 65.828
4.840e+07 0 23.045
4.850e+07 0 16.704
4.860e+07 0 26.083
4.870e+07 0 43.888
4.880e+07 0 22.382
4.890e+07 0 68.192
4.900e+07 0 31.599
4.910e+07 0 -3.546
4.920e+07 0 9.847
4.930e+07 0 76.013
4.940e+07 0 84.179
4.950e+07 0 128.294
4.960e+07 0 115.589
4.970e+07 0 94.553
4.980e+07 0 111.931
4.990e+07 0 72.520
5.000e+07 0 107.013
5.010e+07 0 57.041
5.020e+07 0 102.111
5.030e+07 0 104.416
5.040e+07 0 10.178
5.050e+07 0 -6.690
5.060e+07 0 6.131
5.070e+07 0 89.787
5.080e+07 0 106.795
5.090e+07 0 31.501
5.100e+07 0 -14.953
5.110e+07 0 -92.308
5.120e+07 0 -209.150
5.130e+07 0 -263.681
5.140e+07 0 -260.765
5.150e+07 0 -181.504
5.160e+07 0 -213.622
5.170e+07 0 -188.487
5.180e+07 0 -141.983
5.190e+07 0 -108.635
5.200e+07 0 -95.994
5.210e+07 0 -25.937
5.220e+07 0 42.496
5.230e+07 0 114.902
5.240e+07 0 94.884
5.250e+07 0 137.416
5.260e+07 0 184.897
5.270e+07 0 181.901
5.280e+07 0 169.223
5.290e+07 0 234.736
5.300e+07 0 189.053
5.310e+07 0 116.770
5.320e+07 0 157.064
5.330e+07 0 153.614
5.340e+07 0 139.566
5.350e+07 0 145.457
5.360e+07 0 206.986
5.370e+07 0 179.503
5.380e+07 0 152.632
5.390e+07 0 202.889
5.400e+07 0 194.269
5.410e+07 0 158.382
5.420e+07 0 126.058
5.430e+07 0 108.643
5.440e+07 0 116.072
5.450e+07 0 61.716
5.460e+07 0 83.173
5.470e+07 0 3.736
5.480e+07 0 57.971
5.490e+07 0 54.977
5.500e+07 0 51.686
5.510e+07 0 60.019
5.520e+07 0 59.633
5.530e+07 0 119.210
5.540e+07 0 87.230
5.550e+07 0 119.153
5.560e+07 0 91.149
5.570e+07 0 36.479
5.580e+07 0 12.340
5.590e+07 0 43.605
5.600e+07 0 32.249
5.610e+07 0 41.305
5.620e+07 0 66.065
5.630e+07 0 81.456
5.640e+07 0 150.971
5.650e+07 0 163.364
5.660e+07 0 150.021
5.670e+07 0 160.609
5.680e+07 0 160.154
5.690e+07 0 94.431
5.700e+07 0 84.589
5.710e+07 0 8.198
5.720e+07 0 19.957
5.730e+07 0 65.729
5.740e+07 0 114.575
5.750e+07 0 164.477
5.760e+07 0 143.320
5.770e+07 0 169.321
5.780e+07 0 173.296
5.790e+07 0 215.685
5.800e+07 0 237.356
5.810e+07 0 176.807
5.820e+07 0 171.161
5.830e+07 0 163.480
5.840e+07 0 190.701
5.850e+07 0 203.845
5.860e+07 0 245.188
5.870e+07 0 253.583
5.880e+07 0 190.505
5.890e+07 0 239.571
5.900e+07 0 265.061
5.910e+07 0 217.758
5.920e+07 0 227.556
5.930e+07 0 225.696
5.940e+07 0 240.518
5.950e+07 0 226.877
5.960e+07 0 264.553
5.970e+07 0 216.115
5.980e+07 0 126.149
5.990e+07 0 90.293
6.000e+07 0 57.188
6.010e+07 0 6.281
6.020e+07 0 -35.078
6.030e+07 0 -104.840
6.040e+07 0 -68.464
6.050e+07 0 -92.266
6.060e+07 0 -104.130
6.070e+07 0 -90.585
6.080e+07 0 -146.746
6.090e+07 0 -164.486
6.100e+07 0 -176.087
6.110e+07 0 -198.613
6.120e+07 0 -228.910
6.130e+07 0 -255.650
6.140e+07 0 -287.678
6.150e+07 0 -305.680
6.160e+07 0 -280.740
6.170e+07 0 -253.371
6.180e+07 0 -274.303
6.190e+07 0 -247.935
6.200e+07 0 -244.245
6.210e+07 0 -185.832
6.220e+07 0 -142.852
6.230e+07 0 -163.871
6.240e+07 0 -189.846
6.250e+07 0 -199.166
6.260e+07 0 -136.083
6.270e+07 0 -184.089
6.280e+07 0 -185.311
6.290e+07 0 -153.428
6.300e+07 0 -90.960
6.310e+07 0 -75.131
6.320e+07 0 -47.257
6.330e+07 0 -49.603
6.340e+07 0 -98.356
6.350e+07 0 -99.768
6.360e+07 0 -120.290
6.370e+07 0 -170.623
6.380e+07 0 -157.304
6.390e+07 0 -209.087
6.400e+07 0 -192.288
6.410e+07 0 -180.739
6.420e+07 0 -82.244
6.430e+07 0 -176.414
6.440e+07 0 -182.660
6.450e+07 0 -183.726
6.460e+07 0 -196.801
6.470e+07 0 -226.224
6.480e+07 0 -211.102
6.490e+07 0 -173.680
6.500e+07 0 -162.197
6.510e+07 0 -207.056
6.520e+07 0 -194.031
6.530e+07 0 -173.444
6.540e+07 0 -221.734
6.550e+07 0 -280.468
6.560e+07 0 -298.905
6.570e+07 0 -289.248
6.580e+07 0 -262.028
6.590e+07 0 -230.110
6.600e+07 0 -265.801
6.610e+07 0 -318.057
6.620e+07 0 -307.117
6.630e+07 0 -278.568
6.640e+07 0 -156.570
6.650e+07 0 -111.790
6.660e+07 0 -127.815
6.670e+07 0 -133.019
6.680e+07 0 -101.131
6.690e+07 0 -106.080
6.700e+07 0 -106.339
6.710e+07 0 -71.807
6.720e+07 0 -45.486
6.730e+07 0 -68.137
6.740e+07 0 -66.492
6.750e+07 0 -18.695
6.760e+07 0 -65.442
6.770e+07 0 -68.963
6.780e+07 0 -12.636
6.790e+07 0 23.825
6.800e+07 0 85.642
6.810e+07 0 79.591
6.820e+07 0 72.906
6.830e+07 0 12.481
6.840e+07 0 -12.874
6.850e+07 0 -39.957
6.860e+07 0 -78.291
6.870e+07 0 -34.828
6.880e+07 0 32.148
6.890e+07 0 55.352
6.900e+07 0 -47.545
6.910e+07 0 -13.062
6.920e+07 0 14.449
6.930e+07 0 -27.121
6.940e+07 0 -1.950
6.950e+07 0 -8.415
6.960e+07 0 -1.518
6.970e+07 0 32.056
6.980e+07 0 46.147
6.990e+07 0 61.019
7.000e+07 0 135.741
7.010e+07 0 101.804
7.020e+07 0 141.407
7.030e+07 0 108.126
7.040e+07 0 38.068
7.050e+07 0 9.350
7.060e+07 0 78.773
7.070e+07 0 119.441
7.080e+07 0 63.875
7.090e+07 0 88.160
7.100e+07 0 135.325
7.110e+07 0 119.287
7.120e+07 0 123.633
7.130e+07 0 165.454
7.140e+07 0 195.251
7.150e+07 0 199.646
7.160e+07 0 216.544
7.170e+07 0 214.590
7.180e+07 0 225.444
7.190e+07 0 191.284
7.200e+07 0 168.562
7.210e+07 0 167.405
7.220e+07 0 113.510
7.230e+07 0 80.863
7.240e+07 0 84.181
7.250e+07 0 59.219
7.260e+07 0 52.517
7.270e+07 0 75.737
7.280e+07 0 72.319
7.290e+07 0 79.395
7.300e+07 0 72.302
7.310e+07 0 83.495
7.320e+07 0 96.082
7.330e+07 0 150.181
7.340e+07 0 188.443
7.350e+07 0 296.396
7.360e+07 0 314.350
7.370e+07 0 350.697
7.380e+07 0 395.990
7.390e+07 0 413.688
7.400e+07 0 468.851
7.410e+07 0 470.916
7.420e+07 0 417.763
7.430e+07 0 372.395
7.440e+07 0 376.256
7.450e+07 0 393.205
7.460e+07 0 429.998
7.470e+07 0 442.800
7.480e+07 0 347.253
7.490e+07 0 290.943
7.500e+07 0 308.086
7.510e+07 0 209.786
7.520e+07 0 161.617
7.530e+07 0 187.656
7.540e+07 0 115.364
7.550e+07 0 116.563
7.560e+07 0 71.658
7.570e+07 0 48.558
7.580e+07 0 116.709
7.590e+07 0 109.305
7.600e+07 0 98.175
7.610e+07 0 108.477
7.620e+07 0 217.784
7.630e+07 0 245.792
7.640e+07 0 327.307
7.650e+07 0 283.517
7.660e+07 0 290.875
7.670e+07 0 319.545
7.680e+07 0 274.675
7.690e+07 0 356.475
7.700e+07 0 337.533
7.710e+07 0 348.304
7.720e+07 0 292.255
7.730e+07 0 309.297
7.740e+07 0 274.766
7.750e+07 0 281.788
7.760e+07 0 272.898
7.770e+07 0 323.242
7.780e+07 0 301.312
7.790e+07 0 357.189
7.800e+07 0 401.646
7.810e+07 0 395.822
7.820e+07 0 391.347
7.830e+07 0 367.217
7.840e+07 0 328.682
7.850e+07 0 298.356
7.860e+07 0 262.091
7.870e+07 0 277.364
7.880e+07 0 320.924
7.890e+07 0 329.212
7.900e+07 0 346.783
7.910e+07 0 321.549
7.920e+07 0 311.962
7.930e+07 0 273.224
7.940e+07 0 308.884
7.950e+07 0 288.654
7.960e+07 0 328.794
7.970e+07 0 341.487
7.980e+07 0 303.611
7.990e+07 0 322.603
8.000e+07 0 254.550
8.010e+07 0 251.718
8.020e+07 0 228.367
8.030e+07 0 240.002
8.040e+07 0 184.283
8.050e+07 0 196.703
8.060e+07 0 223.210
8.070e+07 0 284.143
8.080e+07 0 260.120
8.090e+07 0 142.424
8.100e+07 0 193.203
8.110e+07 0 133.717
8.120e+07 0 131.877
8.130e+07 0 164.542
8.140e+07 0 19.374
8.150e+07 0 99.958
8.160e+07 0 124.946
8.170e+07 0 84.343
8.180e+07 0 119.811
8.190e+07 0 85.325
8.200e+07 0 156.040
8.210e+07 0 170.199
8.220e+07 0 177.240
8.230e+07 0 194.220
8.240e+07 0 156.686
8.250e+07 0 102.899
8.260e+07 0 110.331
8.270e+07 0 51.129
8.280e+07 0 79.031
8.290e+07 0 16.705
8.300e+07 0 77.144
8.310e+07 0 128.408
8.320e+07 0 152.599
8.330e+07 0 87.146
8.340e+07 0 117.145
8.350e+07 0 117.605
8.360e+07 0 155.325
8.370e+07 0 136.845
8.380e+07 0 175.352
8.390e+07 0 220.953
8.400e+07 0 299.366
8.410e+07 0 301.968
8.420e+07 0 384.127
8.430e+07 0 330.027
8.440e+07 0 325.221
8.450e+07 0 321.725
8.460e+07 0 293.529
8.470e+07 0 274.471
8.480e+07 0 288.259
8.490e+07 0 275.727
8.500e+07 0 306.371
8.510e+07 0 352.380
8.520e+07 0 370.632
8.530e+07 0 337.939
8.540e+07 0 403.202
8.550e+07 0 369.099
8.560e+07 0 378.672
8.570e+07 0 393.817
8.580e+07 0 397.050
8.590e+07 0 426.604
8.600e+07 0 341.045
8.610e+07 0 288.291
8.620e+07 0 255.211
8.630e+07 0 243.535
8.640e+07 0 207.132
8.650e+07 0 178.152
8.660e+07 0 103.613
8.670e+07 0 32.705
8.680e+07 0 -3.366
8.690e+07 0 10.286
8.700e+07 0 9.702
8.710e+07 0 10.171
8.720e+07 0 -0.507
8.730e+07 0 -24.307
8.740e+07 0 -4.815
8.750e+07 0 -19.569
8.760e+07 0 36.179
8.770e+07 0 -29.315
8.780e+07 0 -16.168
8.790e+07 0 -61.335
8.800e+07 0 -15.165
8.810e+07 0 -86.123
8.820e+07 0 -74.321
8.830e+07 0 -18.796
8.840e+07 0 -1.080
8.850e+07 0 -36.973
8.860e+07 0 -83.260
8.870e+07 0 -33.752
8.880e+07 0 -30.169
8.890e+07 0 -32.934
8.900e+07 0 51.777
8.910e+07 0 64.027
8.920e+07 0 46.301
8.930e+07 0 34.030
8.940e+07 0 54.675
8.950e+07 0 197.977
8.960e+07 0 258.633
8.970e+07 0 228.894
8.980e+07 0 256.285
8.990e+07 0 251.917
9.000e+07 0 248.354
9.010e+07 0 232.426
9.020e+07 0 218.109
9.030e+07 0 204.494
9.040e+07 0 168.707
9.050e+07 0 155.782
9.060e+07 0 202.931
9.070e+07 0 228.343
9.080e+07 0 236.168
9.090e+07 0 354.907
9.100e+07 0 375.611
9.110e+07 0 312.158
9.120e+07 0 275.130
9.130e+07 0 253.129
9.140e+07 0 303.842
9.150e+07 0 341.414
9.160e+07 0 365.605
9.170e+07 0 344.903
9.180e+07 0 338.434
9.190e+07 0 379.327
9.200e+07 0 325.811
9.210e+07 0 364.361
9.220e+07 0 298.879
9.230e+07 0 270.455
9.240e+07 0 269.274
9.250e+07 0 354.554
9.260e+07 0 343.219
9.270e+07 0 364.272
9.280e+07 0 343.854
9.290e+07 0 385.369
9.300e+07 0 401.295
9.310e+07 0 411.079
9.320e+07 0 431.002
9.330e+07 0 407.872
9.340e+07 0 379.275
9.350e+07 0 351.689
9.360e+07 0 377.378
9.370e+07 0 305.504
9.380e+07 0 304.565
9.390e+07 0 341.954
9.400e+07 0 404.030
9.410e+07 0 384.304
9.420e+07 0 366.404
9.430e+07 0 387.726
9.440e+07 0 421.969
9.450e+07 0 317.988
9.460e+07 0 312.053
9.470e+07 0 306.049
9.480e+07 0 335.575
9.490e+07 0 307.317
9.500e+07 0 225.520
9.510e+07 0 205.635
9.520e+07 0 237.708
9.530e+07 0 254.756
9.540e+07 0 315.017
9.550e+07 0 285.850
9.560e+07 0 285.756
9.570e+07 0 315.533
9.580e+07 0 391.810
9.590e+07 0 442.531
9.600e+07 0 466.750
9.610e+07 0 456.420
9.620e+07 0 394.720
9.630e+07 0 357.257
9.640e+07 0 387.330
9.650e+07 0 328.096
9.660e+07 0 373.545
9.670e+07 0 380.762
9.680e+07 0 423.993
9.690e+07 0 398.086
9.700e+07 0 366.269
9.710e+07 0 479.650
9.720e+07 0 462.490
9.730e+07 0 488.580
9.740e+07 0 429.584
9.750e+07 0 416.785
9.760e+07 0 415.958
9.770e+07 0 390.354
9.780e+07 0 385.893
9.790e+07 0 432.611
9.800e+07 0 329.878
9.810e+07 0 393.663
9.820e+07 0 470.812
9.830e+07 0 439.883
9.840e+07 0 424.292
9.850e+07 0 450.361
9.860e+07 0 439.146
9.870e+07 0 446.470
9.880e+07 0 422.261
9.890e+07 0 380.849
9.900e+07 0 420.689
9.910e+07 0 365.732
9.920e+07 0 398.587
9.930e+07 0 482.598
9.940e+07 0 474.921
9.950e+07 0 468.830
9.960e+07 0 403.613
9.970e+07 0 392.858
9.980e+07 0 422.349
9.990e+07 0 380.711
1.000e+08 0 427.803
1.001e+08 0 358.965
1.002e+08 0 364.834
1.003e+08 0 400.051
1.004e+08 0 371.241
1.005e+08 0 303.071
1.006e+08 0 376.049
1.007e+08 0 316.303
1.008e+08 0 366.808
1.009e+08 0 385.234
1.010e+08 0 442.141
1.011e+08 0 439.867
1.012e+08 0 407.087
1.013e+08 0 352.173
1.014e+08 0 346.119
1.015e+08 0 274.337
1.016e+08 0 277.078
1.017e+08 0 201.580
1.018e+08 0 203.184
1.019e+08 0 126.209
1.020e+08 0 222.762
1.021e+08 0 255.976
1.022e+08 0 188.995
1.023e+08 0 201.614
1.024e+08 0 221.846
1.025e+08 0 142.319
1.026e+08 0 107.711
1.027e+08 0 148.979
1.028e+08 0 218.213
1.029e+08 0 182.667
1.030e+08 0 208.946
1.031e+08 0 306.831
1.032e+08 0 313.950
1.033e+08 0 369.824
1.034e+08 0 364.098
1.035e+08 0 318.626
1.036e+08 0 307.944
1.037e+08 0 286.752
1.038e+08 0 288.286
1.039e+08 0 286.131
1.040e+08 0 279.532
1.041e+08 0 261.087
1.042e+08 0 224.038
1.043e+08 0 232.559
1.044e+08 0 208.708
1.045e+08 0 274.754
1.046e+08 0 291.152
1.047e+08 0 308.884
1.048e+08 0 275.560
1.049e+08 0 205.746
1.050e+08 0 168.614
1.051e+08 0 194.177
1.052e+08 0 155.411
1.053e+08 0 148.993
1.054e+08 0 175.178
1.055e+08 0 233.161
1.056e+08 0 185.876
1.057e+08 0 240.390
1.058e+08 0 260.837
1.059e+08 0 228.457
1.060e+08 0 238.447
1.061e+08 0 214.806
1.062e+08 0 222.024
1.063e+08 0 243.916
1.064e+08 0 254.859
1.065e+08 0 238.374
1.066e+08 0 162.009
1.067e+08 0 63.178
1.068e+08 0 89.006
1.069e+08 0 110.744
1.070e+08 0 157.283
1.071e+08 0 190.455
1.072e+08 0 124.752
1.073e+08 0 125.130
1.074e+08 0 95.701
1.075e+08 0 42.443
1.076e+08 0 25.644
1.077e+08 0 -43.405
1.078e+08 0 -38.943
1.079e+08 0 -32.074
1.080e+08 0 -18.149
1.081e+08 0 -19.330
1.082e+08 0 -88.377
1.083e+08 0 -71.926
1.084e+08 0 -71.175
1.085e+08 0 -91.974
1.086e+08 0 -112.177
1.087e+08 0 -129.091
1.088e+08 0 -126.251
1.089e+08 0 -151.662
1.090e+08 0 -147.433
1.091e+08 0 -121.083
1.092e+08 0 -149.266
1.093e+08 0 -87.809
1.094e+08 0 -103.634
1.095e+08 0 -30.989
1.096e+08 0 -5.405
1.097e+08 0 32.034
1.098e+08 0 44.465
1.099e+08 0 -23.505
1.100e+08 0 19.089
1.101e+08 0 59.075
1.102e+08 0 49.985
1.103e+08 0 77.934
1.104e+08 0 62.475
1.105e+08 0 15.686
1.106e+08 0 -35.885
1.107e+08 0 -11.474
1.108e+08 0 -8.008
1.109e+08 0 -3.226
1.110e+08 0 -26.279
1.111e+08 0 -51.209
1.112e+08 0 16.918
1.113e+08 0 35.035
1.114e+08 0 48.445
1.115e+08 0 69.435
1.116e+08 0 127.380
1.117e+08 0 81.318
1.118e+08 0 84.244
1.119e+08 0 148.385
1.120e+08 0 177.892
1.121e+08 0 162.275
1.122e+08 0 148.563
1.123e+08 0 258.838
1.124e+08 0 225.447
1.125e+08 0 189.434
1.126e+08 0 200.401
1.127e+08 0 236.216
1.128e+08 0 174.163
1.129e+08 0 214.501
1.130e+08 0 127.689
1.131e+08 0 96.996
1.132e+08 0 85.140
1.133e+08 0 120.145
1.134e+08 0 119.230
1.135e+08 0 133.767
1.136e+08 0 160.299
1.137e+08 0 107.262
1.138e+08 0 119.173
1.139e+08 0 171.418
1.140e+08 0 124.326
1.141e+08 0 158.085
1.142e+08 0 159.077
1.143e+08 0 146.070
1.144e+08 0 113.300
1.145e+08 0 39.449
1.146e+08 0 2.696
1.147e+08 0 98.394
1.148e+08 0 137.906
1.149e+08 0 151.547
1.150e+08 0 137.462
1.151e+08 0 101.180
1.152e+08 0 107.907
1.153e+08 0 152.005
1.154e+08 0 150.744
1.155e+08 0 183.253
1.156e+08 0 155.150
1.157e+08 0 152.016
1.158e+08 0 199.105
1.159e+08 0 149.855
1.160e+08 0 183.319
1.161e+08 0 145.656
1.162e+08 0 110.131
1.163e+08 0 96.558
1.164e+08 0 119.877
1.165e+08 0 100.693
1.166e+08 0 74.699
1.167e+08 0 49.444
1.168e+08 0 109.039
1.169e+08 0 150.233
1.170e+08 0 72.800
1.171e+08 0 133.536
1.172e+08 0 105.795
1.173e+08 0 85.958
1.174e+08 0 86.726
1.175e+08 0 82.378
1.176e+08 0 65.396
1.177e+08 0 71.435
1.178e+08 0 92.831
1.179e+08 0 77.507
1.180e+08 0 95.851
1.181e+08 0 142.147
1.182e+08 0 160.450
1.183e+08 0 175.237
1.184e+08 0 147.121
1.185e+08 0 172.818
1.186e+08 0 199.232
1.187e+08 0 210.666
1.188e+08 0 254.196
1.189e+08 0 259.438
1.190e+08 0 233.318
1.191e+08 0 210.896
1.192e+08 0 232.065
1.193e+08 0 293.312
1.194e+08 0 261.189
1.195e+08 0 264.929
1.196e+08 0 226.037
1.197e+08 0 245.640
1.198e+08 0 276.060
1.199e+08 0 297.271
1.200e+08 0 259.739
1.201e+08 0 253.863
1.202e+08 0 271.555
1.203e+08 0 244.422
1.204e+08 0 273.260
1.205e+08 0 249.034
1.206e+08 0 195.827
1.207e+08 0 130.077
1.208e+08 0 124.968
1.209e+08 0 120.243
1.210e+08 0 107.211
1.211e+08 0 22.188
1.212e+08 0 -55.679
1.213e+08 0 -40.877
1.214e+08 0 -76.385
1.215e+08 0 -68.410
1.216e+08 0 -5.336
1.217e+08 0 -2.495
1.218e+08 0 -39.263
1.219e+08 0 -32.188
1.220e+08 0 -29.196
1.221e+08 0 -50.162
1.222e+08 0 -115.003
1.223e+08 0 -110.577
1.224e+08 0 -126.193
1.225e+08 0 -98.154
1.226e+08 0 -133.448
1.227e+08 0 -193.009
1.228e+08 0 -205.140
1.229e+08 0 -195.500
1.230e+08 0 -208.263
1.231e+08 0 -226.591
1.232e+08 0 -232.979
1.233e+08 0 -268.943
1.234e+08 0 -287.519
1.235e+08 0 -236.243
1.236e+08 0 -226.949
1.237e+08 0 -211.061
1.238e+08 0 -146.165
1.239e+08 0 -170.515
1.240e+08 0 -238.353
1.241e+08 0 -226.954
1.242e+08 0 -240.353
1.243e+08 0 -247.034
1.244e+08 0 -259.320
1.245e+08 0 -301.247
1.246e+08 0 -300.697
1.247e+08 0 -338.651
1.248e+08 0 -347.570
1.249e+08 0 -352.226
1.250e+08 0 -312.452
1.251e+08 0 -390.651
1.252e+08 0 -428.112
1.253e+08 0 -461.014
1.254e+08 0 -415.062
1.255e+08 0 -419.417
1.256e+08 0 -429.360
1.257e+08 0 -404.928
1.258e+08 0 -391.699
1.259e+08 0 -363.325
1.260e+08 0 -355.884
1.261e+08 0 -297.116
1.262e+08 0 -309.937
1.263e+08 0 -316.143
1.264e+08 0 -385.187
1.265e+08 0 -345.427
1.266e+08 0 -434.512
1.267e+08 0 -415.633
1.268e+08 0 -410.163
1.269e+08 0 -322.176
1.270e+08 0 -375.516
1.271e+08 0 -296.966
1.272e+08 0 -277.196
1.273e+08 0 -215.197
1.274e+08 0 -248.304
1.275e+08 0 -290.730
1.276e+08 0 -229.969
1.277e+08 0 -182.377
1.278e+08 0 -206.931
1.279e+08 0 -283.493
1.280e+08 0 -165.755
1.281e+08 0 -181.625
1.282e+08 0 -248.054
1.283e+08 0 -301.413
1.284e+08 0 -239.145
1.285e+08 0 -229.000
1.286e+08 0 -188.284
1.287e+08 0 -227.444
1.288e+08 0 -166.659
1.289e+08 0 -190.537
1.290e+08 0 -186.662
1.291e+08 0 -172.925
1.292e+08 0 -33.025
1.293e+08 0 -11.883
1.294e+08 0 -26.713
1.295e+08 0 -37.834
1.296e+08 0 12.192
1.297e+08 0 10.709
1.298e+08 0 69.541
1.299e+08 0 53.736
1.300e+08 0 79.121
1.301e+08 0 21.622
1.302e+08 0 78.933
1.303e+08 0 58.407
1.304e+08 0 50.046
1.305e+08 0 80.657
1.306e+08 0 83.366
1.307e+08 0 -0.870
1.308e+08 0 19.939
1.309e+08 0 28.185
1.310e+08 0 11.781
1.311e+08 0 -22.453
1.312e+08 0 -99.798
1.313e+08 0 -142.394
1.314e+08 0 -206.561
1.315e+08 0 -256.290
1.316e+08 0 -268.361
1.317e+08 0 -233.766
1.318e+08 0 -181.743
1.319e+08 0 -58.422
1.320e+08 0 -57.374
1.321e+08 0 -51.041
1.322e+08 0 -82.775
1.323e+08 0 -82.438
1.324e+08 0 -141.515
1.325e+08 0 -148.914
1.326e+08 0 -132.512
1.327e+08 0 -193.913
1.328e+08 0 -196.648
1.329e+08 0 -213.213
1.330e+08 0 -252.371
1.331e+08 0 -287.657
1.332e+08 0 -315.985
1.333e+08 0 -264.961
1.334e+08 0 -240.259
1.335e+08 0 -198.873
1.336e+08 0 -168.098
1.337e+08 0 -146.031
1.338e+08 0 -129.448
1.339e+08 0 -177.060
1.340e+08 0 -151.455
1.341e+08 0 -194.714
1.342e+08 0 -155.393
1.343e+08 0 -201.653
1.344e+08 0 -199.613
1.345e+08 0 -186.456
1.346e+08 0 -218.301
1.347e+08 0 -197.333
1.348e+08 0 -263.421
1.349e+08 0 -329.189
1.350e+08 0 -316.109
1.351e+08 0 -255.822
1.352e+08 0 -331.528
1.353e+08 0 -302.904
1.354e+08 0 -328.330
1.355e+08 0 -301.224
1.356e+08 0 -250.781
1.357e+08 0 -279.171
1.358e+08 0 -215.896
1.359e+08 0 -205.570
1.360e+08 0 -242.267
1.361e+08 0 -273.597
1.362e+08 0 -268.906
1.363e+08 0 -323.510
1.364e+08 0 -242.921
1.365e+08 0 -246.959
1.366e+08 0 -297.343
1.367e+08 0 -338.660
1.368e+08 0 -396.541
1.369e+08 0 -388.182
1.370e+08 0 -409.456
1.371e+08 0 -436.778
1.372e+08 0 -440.706
1.373e+08 0 -438.571
1.374e+08 0 -403.014
1.375e+08 0 -383.540
1.376e+08 0 -357.454
1.377e+08 0 -267.109
1.378e+08 0 -320.133
1.379e+08 0 -310.642
1.380e+08 0 -348.341
1.381e+08 0 -325.978
1.382e+08 0 -373.666
1.383e+08 0 -383.125
1.384e+08 0 -291.558
1.385e+08 0 -214.495
1.386e+08 0 -208.059
1.387e+08 0 -120.491
1.388e+08 0 -101.678
1.389e+08 0 -93.490
1.390e+08 0 -57.969
1.391e+08 0 -10.392
1.392e+08 0 -8.421
1.393e+08 0 -85.914
1.394e+08 0 -79.691
1.395e+08 0 -147.993
1.396e+08 0 -108.560
1.397e+08 0 -146.929
1.398e+08 0 -109.061
1.399e+08 0 -171.571
1.400e+08 0 -225.986
1.401e+08 0 -187.932
1.402e+08 0 -171.852
1.403e+08 0 -228.700
1.404e+08 0 -176.450
1.405e+08 0 -144.500
1.406e+08 0 -154.612
1.407e+08 0 -243.650
1.408e+08 0 -202.603
1.409e+08 0 -238.740
1.410e+08 0 -217.870
1.411e+08 0 -248.819
1.412e+08 0 -220.864
1.413e+08 0 -175.568
1.414e+08 0 -78.813
1.415e+08 0 -74.174
1.416e+08 0 -104.873
1.417e+08 0 -119.621
1.418e+08 0 -70.501
1.419e+08 0 -66.382
1.420e+08 0 -37.587
1.421e+08 0 -71.959
1.422e+08 0 -44.277
1.423e+08 0 -13.994
1.424e+08 0 36.077
1.425e+08 0 80.150
1.426e+08 0 111.013
1.427e+08 0 149.980
1.428e+08 0 158.711
1.429e+08 0 116.144
1.430e+08 0 135.564
1.431e+08 0 96.791
1.432e+08 0 164.240
1.433e+08 0 159.638
1.434e+08 0 105.404
1.435e+08 0 96.446
1.436e+08 0 116.498
1.437e+08 0 154.346
1.438e+08 0 118.692
1.439e+08 0 143.099
1.440e+08 0 109.742
1.441e+08 0 169.566
1.442e+08 0 204.043
1.443e+08 0 215.692
1.444e+08 0 183.342
1.445e+08 0 211.824
1.446e+08 0 161.151
1.447e+08 0 126.210
1.448e+08 0 178.742
1.449e+08 0 171.171
1.450e+08 0 146.542
1.451e+08 0 148.466
1.452e+08 0 155.779
1.453e+08 0 130.781
1.454e+08 0 197.667
1.455e+08 0 220.898
1.456e+08 0 199.323
1.457e+08 0 134.441
1.458e+08 0 130.831
1.459e+08 0 98.465
1.460e+08 0 26.690
1.461e+08 0 57.474
1.462e+08 0 69.064
1.463e+08 0 -17.608
1.464e+08 0 69.330
1.465e+08 0 42.381
1.466e+08 0 11.921
1.467e+08 0 65.271
1.468e+08 0 44.669
1.469e+08 0 40.940
1.470e+08 0 72.316
1.471e+08 0 90.167
1.472e+08 0 95.173
1.473e+08 0 26.864
1.474e+08 0 79.548
1.475e+08 0 81.791
1.476e+08 0 63.558
1.477e+08 0 141.609
1.478e+08 0 81.444
1.479e+08 0 89.152
1.480e+08 0 53.128
1.481e+08 0 14.613
1.482e+08 0 -7.823
1.483e+08 0 -80.043
1.484e+08 0 -136.645
1.485e+08 0 -80.634
1.486e+08 0 -154.996
1.487e+08 0 -86.385
1.488e+08 0 -59.565
1.489e+08 0 -19.001
1.490e+08 0 6.218
1.491e+08 0 -29.734
1.492e+08 0 20.177
1.493e+08 0 45.326
1.494e+08 0 140.396
1.495e+08 0 63.257
1.496e+08 0 -1.394
1.497e+08 0 -121.443
1.498e+08 0 -153.248
1.499e+08 0 -173.450
1.500e+08 0 -137.544
1.501e+08 0 -161.710
1.502e+08 0 -172.040
1.503e+08 0 -177.494
1.504e+08 0 -227.817
1.505e+08 0 -163.778
1.506e+08 0 -134.012
1.507e+08 0 -97.161
1.508e+08 0 -85.405
1.509e+08 0 -144.640
1.510e+08 0 -149.718
1.511e+08 0 -148.364
1.512e+08 0 -43.760
1.513e+08 0 -84.831
1.514e+08 0 -79.881
1.515e+08 0 -90.072
1.516e+08 0 -91.926
1.517e+08 0 -134.731
1.518e+08 0 -87.208
1.519e+08 0 -68.536
1.520e+08 0 -28.876
1.521e+08 0 -29.649
1.522e+08 0 -81.359
1.523e+08 0 -53.892
1.524e+08 0 -67.726
1.525e+08 0 -83.031
1.526e+08 0 -74.601
1.527e+08 0 -122.409
1.528e+08 0 -136.540
1.529e+08 0 -79.689
1.530e+08 0 -59.891
1.531e+08 0 -19.269
1.532e+08 0 1.662
1.533e+08 0 26.198
1.534e+08 0 -1.615
1.535e+08 0 6.231
1.536e+08 0 22.489
1.537e+08 0 -28.383
1.538e+08 0 -13.592
1.539e+08 0 19.664
1.540e+08 0 35.808
1.541e+08 0 78.672
1.542e+08 0 57.193
1.543e+08 0 104.913
1.544e+08 0 42.764
1.545e+08 0 81.441
1.546e+08 0 91.033
1.547e+08 0 55.443
1.548e+08 0 125.645
1.549e+08 0 95.084
1.550e+08 0 92.601
1.551e+08 0 143.655
1.552e+08 0 137.102
1.553e+08 0 156.345
1.554e+08 0 137.079
1.555e+08 0 121.196
1.556e+08 0 58.962
1.557e+08 0 103.593
1.558e+08 0 108.518
1.559e+08 0 112.123
1.560e+08 0 228.336
1.561e+08 0 270.044
1.562e+08 0 240.968
1.563e+08 0 277.837
1.564e+08 0 260.668
1.565e+08 0 255.872
1.566e+08 0 193.044
1.567e+08 0 248.678
1.568e+08 0 291.019
1.569e+08 0 285.711
1.570e+08 0 335.686
1.571e+08 0 276.769
1.572e+08 0 266.679
1.573e+08 0 222.943
1.574e+08 0 249.066
1.575e+08 0 294.893
1.576e+08 0 303.227
1.577e+08 0 308.640
1.578e+08 0 286.171
1.579e+08 0 293.642
1.580e+08 0 315.833
1.581e+08 0 315.381
1.582e+08 0 272.476
1.583e+08 0 279.333
1.584e+08 0 273.799
1.585e+08 0 361.853
1.586e+08 0 346.131
1.587e+08 0 287.376
1.588e+08 0 224.940
1.589e+08 0 269.177
1.590e+08 0 346.170
1.591e+08 0 368.790
1.592e+08 0 329.888
1.593e+08 0 248.968
1.594e+08 0 301.294
1.595e+08 0 294.632
1.596e+08 0 220.701
1.597e+08 0 181.458
1.598e+08 0 130.404
1.599e+08 0 146.602
1.600e+08 0 146.884
1.601e+08 0 127.265
1.602e+08 0 141.635
1.603e+08 0 182.854
1.604e+08 0 151.813
1.605e+08 0 97.372
1.606e+08 0 81.963
1.607e+08 0 31.167
1.608e+08 0 66.095
1.609e+08 0 42.625
1.610e+08 0 107.938
1.611e+08 0 96.338
1.612e+08 0 115.735
1.613e+08 0 74.421
1.614e+08 0 58.405
1.615e+08 0 1.185
1.616e+08 0 13.524
1.617e+08 0 18.451
1.618e+08 0 -19.450
1.619e+08 0 -7.163
1.620e+08 0 -27.212
1.621e+08 0 -23.835
1.622e+08 0 13.234
1.623e+08 0 -19.306
1.624e+08 0 -65.853
1.625e+08 0 -105.005
1.626e+08 0 -138.768
1.627e+08 0 -184.900
1.628e+08 0 -173.864
1.629e+08 0 -208.060
1.630e+08 0 -157.213
1.631e+08 0 -215.688
1.632e+08 0 -309.810
1.633e+08 0 -291.368
1.634e+08 0 -306.748
1.635e+08 0 -314.140
1.636e+08 0 -302.701
1.637e+08 0 -309.851
1.638e+08 0 -255.322
1.639e+08 0 -221.483
1.640e+08 0 -197.798
1.641e+08 0 -184.790
1.642e+08 0 -225.804
1.643e+08 0 -272.190
1.644e+08 0 -303.582
1.645e+08 0 -273.252
1.646e+08 0 -229.122
1.647e+08 0 -271.609
1.648e+08 0 -293.002
1.649e+08 0 -272.828
1.650e+08 0 -273.963
1.651e+08 0 -201.875
1.652e+08 0 -257.718
1.653e+08 0 -191.276
1.654e+08 0 -208.545
1.655e+08 0 -124.303
1.656e+08 0 -163.283
1.657e+08 0 -157.700
1.658e+08 0 -180.480
1.659e+08 0 -215.541
1.660e+08 0 -169.443
1.661e+08 0 -222.569
1.662e+08 0 -234.161
1.663e+08 0 -283.212
1.664e+08 0 -279.943
1.665e+08 0 -321.789
1.666e+08 0 -335.770
1.667e+08 0 -276.001
1.668e+08 0 -224.036
1.669e+08 0 -204.594
1.670e+08 0 -180.307
1.671e+08 0 -171.594
1.672e+08 0 -155.982
1.673e+08 0 -159.466
1.674e+08 0 -84.863
1.675e+08 0 -35.518
1.676e+08 0 -36.923
1.677e+08 0 -40.205
1.678e+08 0 -59.962
1.679e+08 0 -30.232
1.680e+08 0 -11.526
1.681e+08 0 -19.966
1.682e+08 0 16.530
1.683e+08 0 0.137
1.684e+08 0 8.341
1.685e+08 0 27.859
1.686e+08 0 -19.527
1.687e+08 0 -53.762
1.688e+08 0 -63.827
1.689e+08 0 -62.878
1.690e+08 0 -102.344
1.691e+08 0 -130.673
1.692e+08 0 -125.947
1.693e+08 0 -130.997
1.694e+08 0 -88.051
1.695e+08 0 -84.011
1.696e+08 0 -80.264
1.697e+08 0 -64.917
1.698e+08 0 -0.777
1.699e+08 0 -14.530
1.700e+08 0 -25.752
1.701e+08 0 -27.267
1.702e+08 0 33.869
1.703e+08 0 28.679
1.704e+08 0 66.857
1.705e+08 0 116.530
1.706e+08 0 39.567
1.707e+08 0 -67.312
1.708e+08 0 -45.735
1.709e+08 0 -28.781
1.710e+08 0 -78.663
1.711e+08 0 -88.375
1.712e+08 0 -13.483
1.713e+08 0 -34.137
1.714e+08 0 -93.195
1.715e+08 0 -59.160
1.716e+08 0 -3.948
1.717e+08 0 -38.929
1.718e+08 0 -65.630
1.719e+08 0 -3.083
1.720e+08 0 -35.668
1.721e+08 0 -75.629
1.722e+08 0 -165.992
1.723e+08 0 -163.820
1.724e+08 0 -117.974
1.725e+08 0 -87.453
1.726e+08 0 -38.941
1.727e+08 0 -34.785
1.728e+08 0 -61.511
1.729e+08 0 -52.360
1.730e+08 0 16.708
1.731e+08 0 14.425
1.732e+08 0 -27.394
1.733e+08 0 -28.468
1.734e+08 0 -62.778
1.735e+08 0 -82.380
1.736e+08 0 -12.378
1.737e+08 0 -1.275
1.738e+08 0 -23.002
1.739e+08 0 -10.519
1.740e+08 0 4.250
1.741e+08 0 -21.802
1.742e+08 0 -42.288
1.743e+08 0 -58.981
1.744e+08 0 -133.291
1.745e+08 0 -188.143
1.746e+08 0 -194.694
1.747e+08 0 -128.179
1.748e+08 0 -130.560
1.749e+08 0 -149.585
1.750e+08 0 -162.580
1.751e+08 0 -75.385
1.752e+08 0 -87.187
1.753e+08 0 68.080
1.754e+08 0 68.754
1.755e+08 0 74.685
1.756e+08 0 56.132
1.757e+08 0 -15.491
1.758e+08 0 -11.257
1.759e+08 0 -87.530
1.760e+08 0 -161.175
1.761e+08 0 -244.118
1.762e+08 0 -199.463
1.763e+08 0 -147.503
1.764e+08 0 -177.218
1.765e+08 0 -104.519
1.766e+08 0 -39.360
1.767e+08 0 -83.224
1.768e+08 0 -25.063
1.769e+08 0 16.909
1.770e+08 0 -61.491
1.771e+08 0 34.238
1.772e+08 0 111.502
1.773e+08 0 101.406
1.774e+08 0 64.882
1.775e+08 0 67.480
1.776e+08 0 62.861
1.777e+08 0 82.171
1.778e+08 0 97.235
1.779e+08 0 31.092
1.780e+08 0 -0.253
1.781e+08 0 -15.213
1.782e+08 0 -45.152
1.783e+08 0 -95.451
1.784e+08 0 -127.905
1.785e+08 0 -155.736
1.786e+08 0 -128.880
1.787e+08 0 -123.766
1.788e+08 0 -66.263
1.789e+08 0 -151.801
1.790e+08 0 -101.439
1.791e+08 0 -84.113
1.792e+08 0 -87.297
1.793e+08 0 -100.963
1.794e+08 0 -46.050
1.795e+08 0 -55.120
1.796e+08 0 -47.148
1.797e+08 0 -26.246
1.798e+08 0 -37.628
1.799e+08 0 -56.255
1.800e+08 0 39.770
1.801e+08 0 8.801
1.802e+08 0 -33.462
1.803e+08 0 -63.965
1.804e+08 0 -35.913
1.805e+08 0 -18.717
1.806e+08 0 -87.016
1.807e+08 0 -35.983
1.808e+08 0 -127.043
1.809e+08 0 -181.799
1.810e+08 0 -162.508
1.811e+08 0 -167.629
1.812e+08 0 -74.243
1.813e+08 0 -66.446
1.814e+08 0 -33.714
1.815e+08 0 -4.171
1.816e+08 0 -30.314
1.817e+08 0 -157.293
1.818e+08 0 -135.959
1.819e+08 0 -202.023
1.820e+08 0 -174.504
1.821e+08 0 -219.480
1.822e+08 0 -267.007
1.823e+08 0 -258.260
1.824e+08 0 -288.681
1.825e+08 0 -275.892
1.826e+08 0 -232.126
1.827e+08 0 -339.377
1.828e+08 0 -352.014
1.829e+08 0 -280.253
1.830e+08 0 -323.557
1.831e+08 0 -333.697
1.832e+08 0 -239.241
1.833e+08 0 -220.198
1.834e+08 0 -226.359
1.835e+08 0 -167.014
1.836e+08 0 -98.754
1.837e+08 0 -36.539
1.838e+08 0 53.780
1.839e+08 0 60.861
1.840e+08 0 59.301
1.841e+08 0 22.570
1.842e+08 0 18.907
1.843e+08 0 82.645
1.844e+08 0 186.647
1.845e+08 0 143.555
1.846e+08 0 160.168
1.847e+08 0 180.539
1.848e+08 0 215.652
1.849e+08 0 215.870
1.850e+08 0 226.104
1.851e+08 0 170.372
1.852e+08 0 113.001
1.853e+08 0 136.638
1.854e+08 0 206.019
1.855e+08 0 186.010
1.856e+08 0 120.080
1.857e+08 0 116.502
1.858e+08 0 116.970
1.859e+08 0 102.186
1.860e+08 0 107.752
1.861e+08 0 91.235
1.862e+08 0 91.405
1.863e+08 0 143.042
1.864e+08 0 177.416
1.865e+08 0 256.258
1.866e+08 0 298.684
1.867e+08 0 142.501
1.868e+08 0 134.734
1.869e+08 0 23.575
1.870e+08 0 -14.819
1.871e+08 0 -13.615
1.872e+08 0 -40.010
1.873e+08 0 -85.068
1.874e+08 0 -118.384
1.875e+08 0 -149.632
1.876e+08 0 -206.648
1.877e+08 0 -181.391
1.878e+08 0 -203.478
1.879e+08 0 -251.477
1.880e+08 0 -290.197
1.881e+08 0 -212.783
1.882e+08 0 -257.622
1.883e+08 0 -164.549
1.884e+08 0 -161.475
1.885e+08 0 -172.743
1.886e+08 0 -131.288
1.887e+08 0 -119.255
1.888e+08 0 -156.265
1.889e+08 0 -181.273
1.890e+08 0 -162.093
1.891e+08 0 -120.139
1.892e+08 0 -124.509
1.893e+08 0 -98.072
1.894e+08 0 -150.091
1.895e+08 0 -135.768
1.896e+08 0 -127.260
1.897e+08 0 -137.497
1.898e+08 0 -107.037
1.899e+08 0 -133.851
1.900e+08 0 -43.951
1.901e+08 0 -22.722
1.902e+08 0 13.837
1.903e+08 0 -8.352
1.904e+08 0 28.428
1.905e+08 0 74.061
1.906e+08 0 -7.806
1.907e+08 0 33.974
1.908e+08 0 32.356
1.909e+08 0 133.461
1.910e+08 0 126.808
1.911e+08 0 179.802
1.912e+08 0 188.758
1.913e+08 0 192.184
1.914e+08 0 170.965
1.915e+08 0 208.406
1.916e+08 0 110.869
1.917e+08 0 77.786
1.918e+08 0 32.523
1.919e+08 0 -1.210
1.920e+08 0 56.295
1.921e+08 0 29.595
1.922e+08 0 6.366
1.923e+08 0 -48.518
1.924e+08 0 -134.224
1.925e+08 0 -162.059
1.926e+08 0 -164.539
1.927e+08 0 -221.401
1.928e+08 0 -186.795
1.929e+08 0 -112.582
1.930e+08 0 -114.922
1.931e+08 0 -131.942
1.932e+08 0 -3.804
1.933e+08 0 -33.439
1.934e+08 0 -85.244
1.935e+08 0 -69.785
1.936e+08 0 -65.017
1.937e+08 0 -58.363
1.938e+08 0 -62.593
1.939e+08 0 -38.122
1.940e+08 0 -36.876
1.941e+08 0 32.367
1.942e+08 0 28.804
1.943e+08 0 98.249
1.944e+08 0 84.408
1.945e+08 0 60.547
1.946e+08 0 53.564
1.947e+08 0 60.295
1.948e+08 0 25.939
1.949e+08 0 -25.755
1.950e+08 0 3.298
1.951e+08 0 18.424
1.952e+08 0 41.174
1.953e+08 0 29.049
1.954e+08 0 -5.171
1.955e+08 0 -18.181
1.956e+08 0 -19.058
1.957e+08 0 22.005
1.958e+08 0 114.702
1.959e+08 0 135.392
1.960e+08 0 181.127
1.961e+08 0 159.357
1.962e+08 0 130.745
1.963e+08 0 111.316
1.964e+08 0 59.670
1.965e+08 0 72.703
1.966e+08 0 91.697
1.967e+08 0 84.543
1.968e+08 0 86.966
1.969e+08 0 89.139
1.970e+08 0 60.232
1.971e+08 0 24.890
1.972e+08 0 38.201
1.973e+08 0 73.544
1.974e+08 0 44.779
1.975e+08 0 61.057
1.976e+08 0 84.411
1.977e+08 0 80.972
1.978e+08 0 98.314
1.979e+08 0 15.104
1.980e+08 0 -33.594
1.981e+08 0 -159.914
1.982e+08 0 -133.137
1.983e+08 0 -177.059
1.984e+08 0 -161.088
1.985e+08 0 -162.929
1.986e+08 0 -174.539
1.987e+08 0 -197.118
1.988e+08 0 -187.590
1.989e+08 0 -176.407
1.990e+08 0 -153.488
1.991e+08 0 -177.214
1.992e+08 0 -161.615
1.993e+08 0 -185.170
1.994e+08 0 -253.796
1.995e+08 0 -222.335
1.996e+08 0 -232.502
1.997e+08 0 -231.694
1.998e+08 0 -278.204
1.999e+08 0 -232.607
2.000e+08 0 -237.477
2.001e+08 0 -236.507
2.002e+08 0 -252.398
2.003e+08 0 -232.903
2.004e+08 0 -272.949
2.005e+08 0 -304.429
2.006e+08 0 -237.441
2.007e+08 0 -206.192
2.008e+08 0 -232.674
2.009e+08 0 -232.006
2.010e+08 0 -134.727
2.011e+08 0 -127.430
2.012e+08 0 -102.167
2.013e+08 0 -63.957
2.014e+08 0 -152.619
2.015e+08 0 -186.219
2.016e+08 0 -171.874
2.017e+08 0 -131.525
2.018e+08 0 -134.703
2.019e+08 0 -123.793
2.020e+08 0 -177.272
2.021e+08 0 -128.615
2.022e+08 0 -139.650
2.023e+08 0 -80.708
2.024e+08 0 4.611
2.025e+08 0 4.234
2.026e+08 0 36.568
2.027e+08 0 54.715
2.028e+08 0 91.841
2.029e+08 0 31.474
2.030e+08 0 34.949
2.031e+08 0 34.846
2.032e+08 0 55.823
2.033e+08 0 70.057
2.034e+08 0 130.404
2.035e+08 0 132.638
2.036e+08 0 150.452
2.037e+08 0 106.571
2.038e+08 0 52.925
2.039e+08 0 112.627
2.040e+08 0 109.229
2.041e+08 0 87.893
2.042e+08 0 87.549
2.043e+08 0 113.558
2.044e+08 0 125.368
2.045e+08 0 109.492
2.046e+08 0 160.901
2.047e+08 0 131.131
2.048e+08 0 181.795
2.049e+08 0 163.327
2.050e+08 0 167.069
2.051e+08 0 180.628
2.052e+08 0 180.980
2.053e+08 0 131.841
2.054e+08 0 149.307
2.055e+08 0 232.808
2.056e+08 0 278.326
2.057e+08 0 252.387
2.058e+08 0 216.324
2.059e+08 0 196.131
2.060e+08 0 58.413
2.061e+08 0 35.440
2.062e+08 0 57.292
2.063e+08 0 76.762
2.064e+08 0 110.180
2.065e+08 0 112.107
2.066e+08 0 142.953
2.067e+08 0 157.426
2.068e+08 0 176.593
2.069e+08 0 226.741
2.070e+08 0 237.852
2.071e+08 0 173.054
2.072e+08 0 127.765
2.073e+08 0 127.165
2.074e+08 0 124.887
2.075e+08 0 118.446
2.076e+08 0 71.701
2.077e+08 0 107.859
2.078e+08 0 154.295
2.079e+08 0 181.539
2.080e+08 0 130.081
2.081e+08 0 104.670
2.082e+08 0 91.033
2.083e+08 0 99.960
2.084e+08 0 112.707
2.085e+08 0 78.698
2.086e+08 0 79.132
2.087e+08 0 69.556
2.088e+08 0 26.210
2.089e+08 0 38.202
2.090e+08 0 -12.422
2.091e+08 0 -19.899
2.092e+08 0 -79.450
2.093e+08 0 -151.656
2.094e+08 0 -196.880
2.095e+08 0 -129.402
2.096e+08 0 -214.647
2.097e+08 0 -274.251
2.098e+08 0 -261.527
2.099e+08 0 -233.310
2.100e+08 0 -147.100
2.101e+08 0 -202.999
2.102e+08 0 -215.173
2.103e+08 0 -257.553
2.104e+08 0 -247.616
2.105e+08 0 -247.796
2.106e+08 0 -257.304
2.107e+08 0 -207.390
2.108e+08 0 -155.579
2.109e+08 0 -162.143
2.110e+08 0 -222.729
2.111e+08 0 -207.104
2.112e+08 0 -247.081
2.113e+08 0 -238.923
2.114e+08 0 -184.665
2.115e+08 0 -176.739
2.116e+08 0 -73.138
2.117e+08 0 -74.865
2.118e+08 0 -132.962
2.119e+08 0 -104.996
2.120e+08 0 -103.343
2.121e+08 0 -115.285
2.122e+08 0 -128.412
2.123e+08 0 -50.194
2.124e+08 0 5.995
2.125e+08 0 28.160
2.126e+08 0 12.458
2.127e+08 0 31.820
2.128e+08 0 21.671
2.129e+08 0 -47.997
2.130e+08 0 -71.639
2.131e+08 0 -39.562
2.132e+08 0 -56.417
2.133e+08 0 85.268
2.134e+08 0 54.438
2.135e+08 0 40.831
2.136e+08 0 -9.805
2.137e+08 0 58.575
2.138e+08 0 114.193
2.139e+08 0 80.879
2.140e+08 0 118.756
2.141e+08 0 161.248
2.142e+08 0 151.723
2.143e+08 0 149.039
2.144e+08 0 174.244
2.145e+08 0 165.988
2.146e+08 0 103.767
2.147e+08 0 118.388
2.148e+08 0 133.414
2.149e+08 0 228.352
2.150e+08 0 172.145
2.151e+08 0 220.112
2.152e+08 0 238.825
2.153e+08 0 263.127
2.154e+08 0 290.603
2.155e+08 0 281.772
2.156e+08 0 197.337
2.157e+08 0 197.980
2.158e+08 0 219.539
2.159e+08 0 192.470
2.160e+08 0 229.648
2.161e+08 0 174.732
2.162e+08 0 265.508
2.163e+08 0 293.579
2.164e+08 0 361.430
2.165e+08 0 359.505
2.166e+08 0 318.283
2.167e+08 0 341.547
2.168e+08 0 350.213
2.169e+08 0 308.971
2.170e+08 0 350.613
2.171e+08 0 381.222
2.172e+08 0 376.646
2.173e+08 0 370.231
2.174e+08 0 376.784
2.175e+08 0 362.573
2.176e+08 0 315.752
2.177e+08 0 317.755
2.178e+08 0 314.652
2.179e+08 0 317.261
2.180e+08 0 259.102
2.181e+08 0 298.753
2.182e+08 0 290.509
2.183e+08 0 271.963
2.184e+08 0 322.523
2.185e+08 0 318.230
2.186e+08 0 298.625
2.187e+08 0 226.902
2.188e+08 0 219.042
2.189e+08 0 135.840
2.190e+08 0 174.276
2.191e+08 0 230.099
2.192e+08 0 252.398
2.193e+08 0 257.313
2.194e+08 0 269.368
2.195e+08 0 295.993
2.196e+08 0 363.623
2.197e+08 0 344.666
2.198e+08 0 372.432
2.199e+08 0 407.704
2.200e+08 0 379.947
2.201e+08 0 340.098
2.202e+08 0 325.890
2.203e+08 0 268.183
2.204e+08 0 211.110
2.205e+08 0 166.499
2.206e+08 0 193.811
2.207e+08 0 115.954
2.208e+08 0 95.181
2.209e+08 0 33.421
2.210e+08 0 90.864
2.211e+08 0 91.687
2.212e+08 0 103.988
2.213e+08 0 98.596
2.214e+08 0 133.230
2.215e+08 0 169.233
2.216e+08 0 266.861
2.217e+08 0 263.131
2.218e+08 0 256.780
2.219e+08 0 182.881
2.220e+08 0 187.936
2.221e+08 0 166.562
2.222e+08 0 202.243
2.223e+08 0 162.498
2.224e+08 0 112.078
2.225e+08 0 201.283
2.226e+08 0 213.772
2.227e+08 0 209.610
2.228e+08 0 266.711
2.229e+08 0 262.249
2.230e+08 0 337.204
2.231e+08 0 307.205
2.232e+08 0 277.241
2.233e+08 0 324.844
2.234e+08 0 347.788
2.235e+08 0 311.885
2.236e+08 0 313.566
2.237e+08 0 319.384
2.238e+08 0 224.779
2.239e+08 0 222.713
2.240e+08 0 206.118
2.241e+08 0 221.199
2.242e+08 0 249.427
2.243e+08 0 232.596
2.244e+08 0 262.256
2.245e+08 0 262.073
2.246e+08 0 256.526
2.247e+08 0 260.028
2.248e+08 0 254.523
2.249e+08 0 262.235
2.250e+08 0 338.438
2.251e+08 0 336.655
2.252e+08 0 295.323
2.253e+08 0 281.091
2.254e+08 0 432.737
2.255e+08 0 434.462
2.256e+08 0 455.694
2.257e+08 0 389.600
2.258e+08 0 379.644
2.259e+08 0 458.003
2.260e+08 0 453.211
2.261e+08 0 439.504
2.262e+08 0 372.702
2.263e+08 0 376.548
2.264e+08 0 442.780
2.265e+08 0 488.108
2.266e+08 0 459.587
2.267e+08 0 493.489
2.268e+08 0 451.249
2.269e+08 0 416.072
2.270e+08 0 445.249
2.271e+08 0 441.522
2.272e+08 0 413.636
2.273e+08 0 419.755
2.274e+08 0 434.038
2.275e+08 0 467.282
2.276e+08 0 431.729
2.277e+08 0 429.682
2.278e+08 0 395.146
2.279e+08 0 441.648
2.280e+08 0 388.899
2.281e+08 0 334.364
2.282e+08 0 269.025
2.283e+08 0 216.531
2.284e+08 0 246.451
2.285e+08 0 220.043
2.286e+08 0 249.719
2.287e+08 0 270.443
2.288e+08 0 210.149
2.289e+08 0 125.562
2.290e+08 0 118.255
2.291e+08 0 70.647
2.292e+08 0 125.868
2.293e+08 0 20.563
2.294e+08 0 -56.784
2.295e+08 0 2.155
2.296e+08 0 3.721
2.297e+08 0 44.913
2.298e+08 0 -28.509
2.299e+08 0 -12.591
2.300e+08 0 9.720
2.301e+08 0 -22.328
2.302e+08 0 35.336
2.303e+08 0 85.644
2.304e+08 0 71.652
2.305e+08 0 103.932
2.306e+08 0 73.907
2.307e+08 0 121.205
2.308e+08 0 90.968
2.309e+08 0 67.022
2.310e+08 0 63.004
2.311e+08 0 44.707
2.312e+08 0 48.748
2.313e+08 0 79.877
2.314e+08 0 25.954
2.315e+08 0 26.399
2.316e+08 0 54.982
2.317e+08 0 19.691
2.318e+08 0 32.695
2.319e+08 0 78.386
2.320e+08 0 -2.613
2.321e+08 0 41.530
2.322e+08 0 70.958
2.323e+08 0 72.516
2.324e+08 0 11.871
2.325e+08 0 49.257
2.326e+08 0 80.373
2.327e+08 0 81.671
2.328e+08 0 108.859
2.329e+08 0 50.774
2.330e+08 0 50.784
2.331e+08 0 81.754
2.332e+08 0 65.078
2.333e+08 0 28.580
2.334e+08 0 141.329
2.335e+08 0 158.903
2.336e+08 0 203.162
2.337e+08 0 243.780
2.338e+08 0 212.592
2.339e+08 0 205.557
2.340e+08 0 130.709
2.341e+08 0 173.977
2.342e+08 0 185.039
2.343e+08 0 194.069
2.344e+08 0 228.319
2.345e+08 0 200.354
2.346e+08 0 253.021
2.347e+08 0 185.518
2.348e+08 0 190.770
2.349e+08 0 144.966
2.350e+08 0 123.701
2.351e+08 0 132.512
2.352e+08 0 68.671
2.353e+08 0 71.845
2.354e+08 0 48.809
2.355e+08 0 97.058
2.356e+08 0 102.469
2.357e+08 0 175.651
2.358e+08 0 187.632
2.359e+08 0 209.052
2.360e+08 0 277.597
2.361e+08 0 321.974
2.362e+08 0 337.659
2.363e+08 0 386.893
2.364e+08 0 420.696
2.365e+08 0 431.452
2.366e+08 0 385.541
2.367e+08 0 382.748
2.368e+08 0 444.201
2.369e+08 0 454.632
2.370e+08 0 453.564
2.371e+08 0 410.492
2.372e+08 0 467.450
2.373e+08 0 486.222
2.374e+08 0 490.079
2.375e+08 0 448.955
2.376e+08 0 353.022
2.377e+08 0 291.366
2.378e+08 0 322.278
2.379e+08 0 413.821
2.380e+08 0 486.142
2.381e+08 0 466.552
2.382e+08 0 477.296
2.383e+08 0 451.316
2.384e+08 0 390.945
2.385e+08 0 418.321
2.386e+08 0 373.926
2.387e+08 0 427.001
2.388e+08 0 359.674
2.389e+08 0 351.043
2.390e+08 0 365.099
2.391e+08 0 407.851
2.392e+08 0 433.727
2.393e+08 0 440.065
2.394e+08 0 394.150
2.395e+08 0 372.761
2.396e+08 0 353.923
2.397e+08 0 374.146
2.398e+08 0 343.622
2.399e+08 0 342.867
2.400e+08 0 386.714
2.401e+08 0 344.351
2.402e+08 0 333.962
2.403e+08 0 304.174
2.404e+08 0 250.233
2.405e+08 0 228.571
2.406e+08 0 216.584
2.407e+08 0 171.607
2.408e+08 0 74.228
2.409e+08 0 49.771
2.410e+08 0 46.640
2.411e+08 0 41.049
2.412e+08 0 53.268
2.413e+08 0 -6.826
2.414e+08 0 -2.124
2.415e+08 0 -49.934
2.416e+08 0 -33.619
2.417e+08 0 -38.762
2.418e+08 0 37.852
2.419e+08 0 56.854
2.420e+08 0 -6.219
2.421e+08 0 -22.688
2.422e+08 0 -48.994
2.423e+08 0 -61.226
2.424e+08 0 -75.011
2.425e+08 4 -67.294
2.426e+08 2 -77.510
2.427e+08 2 -74.801
2.428e+08 2 -75.183
2.429e+08 1 -75.188
2.430e+08 3 -74.404
2.431e+08 3 -85.313
2.432e+08 4 -95.103
2.433e+08 3 -95.356
2.434e+08 3 -79.786
2.435e+08 4 -80.180
2.436e+08 2 -74.558
2.437e+08 3 -74.607
2.438e+08 2 -74.772
2.439e+08 4 -64.930
2.440e+08 3 -54.844
2.441e+08 1 -54.904
2.442e+08 2 -74.505
2.443e+08 3 -65.040
2.444e+08 3 -64.910
2.445e+08 4 -64.788
2.446e+08 4 -65.030
2.447e+08 3 -65.040
2.448e+08 3 -73.912
2.449e+08 1 -64.741
2.450e+08 3 -64.964
2.451e+08 3 -59.167
2.452e+08 3 -55.151
2.453e+08 4 -54.813
2.454e+08 3 -55.212
2.455e+08 3 -54.030
2.456e+08 2 -53.782
2.457e+08 4 -54.951
2.458e+08 4 -65.147
2.459e+08 2 -65.360
2.460e+08 2 -74.063
2.461e+08 2 -85.171
2.462e+08 3 -84.870
2.463e+08 3 -85.109
2.464e+08 3 -94.551
2.465e+08 4 -92.294
2.466e+08 2 -95.248
2.467e+08 2 -85.195
2.468e+08 4 -85.142
2.469e+08 2 -85.397
2.470e+08 2 -85.485
2.471e+08 3 -89.830
2.472e+08 2 -94.664
2.473e+08 4 -105.292
2.474e+08 3 -95.223
2.475e+08 3 -100.750
2.476e+08 3 -94.962
2.477e+08 3 -95.176
2.478e+08 3 -95.244
2.479e+08 2 -115.172
2.480e+08 3 -117.315
2.481e+08 2 -129.953
2.482e+08 3 -134.675
2.483e+08 3 -145.239
2.484e+08 3 -140.622
2.485e+08 4 -134.923
2.486e+08 4 -130.047
2.487e+08 3 -140.006
2.488e+08 3 -137.734
2.489e+08 4 -145.272
2.490e+08 1 -144.927
2.491e+08 3 -145.257
2.492e+08 4 -142.488
2.493e+08 3 -135.891
2.494e+08 3 -135.197
2.495e+08 2 -135.123
2.496e+08 3 -133.632
2.497e+08 3 -134.981
2.498e+08 1 -135.516
2.499e+08 3 -145.136
2.500e+08 3 -144.955
2.501e+08 3 -137.643
2.502e+08 2 -134.551
2.503e+08 3 -134.880
2.504e+08 3 -134.921
2.505e+08 1 -133.622
2.506e+08 2 -124.877
2.507e+08 3 -124.880
2.508e+08 4 -125.306
2.509e+08 3 -124.277
2.510e+08 3 -129.924
2.511e+08 3 -133.222
2.512e+08 4 -125.199
2.513e+08 1 -125.999
2.514e+08 4 -114.835
2.515e+08 2 -114.872
2.516e+08 2 -114.852
2.517e+08 3 -114.974
2.518e+08 2 -114.873
2.519e+08 3 -105.032
2.520e+08 2 -105.048
2.521e+08 3 -105.173
2.522e+08 3 -114.929
2.523e+08 2 -115.064
2.524e+08 2 -109.703
2.525e+08 2 -103.067
2.526e+08 3 -104.965
2.527e+08 2 -110.084
2.528e+08 3 -85.228
2.529e+08 2 -84.216
2.530e+08 2 -84.398
2.531e+08 2 -75.324
2.532e+08 2 -75.099
2.533e+08 2 -75.683
2.534e+08 3 -84.817
2.535e+08 3 -65.060
2.536e+08 3 -57.101
2.537e+08 3 -54.771
2.538e+08 3 -57.397
2.539e+08 3 -49.851
2.540e+08 2 -53.573
2.541e+08 3 -54.759
2.542e+08 3 -55.015
2.543e+08 3 -55.304
2.544e+08 4 -65.040
2.545e+08 2 -75.233
2.546e+08 4 -74.836
2.547e+08 3 -78.146
2.548e+08 3 -85.033
2.549e+08 3 -84.644
2.550e+08 2 -75.182
2.551e+08 4 -70.145
2.552e+08 2 -64.897
2.553e+08 2 -65.110
2.554e+08 2 -65.154
2.555e+08 3 -64.938
2.556e+08 3 -65.036
2.557e+08 4 -65.151
2.558e+08 1 -64.965
2.559e+08 4 -54.780
2.560e+08 2 -54.907
2.561e+08 3 -55.103
2.562e+08 2 -53.374
2.563e+08 2 -58.118
2.564e+08 3 -65.096
2.565e+08 4 -55.290
2.566e+08 3 -64.798
2.567e+08 3 -75.285
2.568e+08 4 -70.157
2.569e+08 3 -82.564
2.570e+08 2 -84.819
2.571e+08 3 -94.963
2.572e+08 4 -94.900
2.573e+08 2 -104.526
2.574e+08 3 -104.887
2.575e+08 3 -115.295
2.576e+08 2 -115.156
2.577e+08 4 -125.107
2.578e+08 4 -129.799
2.579e+08 2 -124.955
2.580e+08 3 -123.750
2.581e+08 3 -114.408
2.582e+08 3 -102.601
2.583e+08 2 -94.828
2.584e+08 4 -107.453
2.585e+08 3 -114.777
2.586e+08 2 -114.689
2.587e+08 3 -115.725
2.588e+08 3 -105.142
2.589e+08 3 -104.998
2.590e+08 4 -105.021
2.591e+08 2 -105.306
2.592e+08 3 -102.085
2.593e+08 3 -104.832
2.594e+08 2 -105.610
2.595e+08 3 -105.037
2.596e+08 2 -104.972
2.597e+08 1 -104.878
2.598e+08 2 -94.904
2.599e+08 3 -94.896
2.600e+08 4 -95.037
2.601e+08 4 -104.832
2.602e+08 3 -104.570
2.603e+08 2 -105.352
2.604e+08 3 -107.691
2.605e+08 3 -104.870
2.606e+08 3 -104.474
2.607e+08 3 -104.946
2.608e+08 4 -105.184
2.609e+08 3 -114.967
2.610e+08 2 -114.511
2.611e+08 3 -104.696
2.612e+08 3 -105.169
2.613e+08 2 -105.347
2.614e+08 3 -105.134
2.615e+08 2 -85.242
2.616e+08 3 -85.013
2.617e+08 2 -85.771
2.618e+08 2 -95.442
2.619e+08 3 -94.973
2.620e+08 2 -94.805
2.621e+08 3 -97.034
2.622e+08 3 -104.825
2.623e+08 2 -95.386
2.624e+08 4 -95.090
2.625e+08 4 -95.007
2.626e+08 2 -104.560
2.627e+08 3 -115.225
2.628e+08 2 -115.173
2.629e+08 3 -117.808
2.630e+08 1 -114.937
2.631e+08 3 -117.846
2.632e+08 4 -115.096
2.633e+08 3 -115.175
2.634e+08 3 -114.852
2.635e+08 3 -115.272
2.636e+08 4 -114.888
2.637e+08 3 -115.141
2.638e+08 3 -135.001
2.639e+08 3 -144.928
2.640e+08 4 -135.184
2.641e+08 2 -144.734
2.642e+08 4 -144.770
2.643e+08 3 -145.367
2.644e+08 2 -135.719
2.645e+08 2 -134.987
2.646e+08 1 -124.984
2.647e+08 4 -124.945
2.648e+08 4 -132.748
2.649e+08 2 -134.088
2.650e+08 1 -124.694
2.651e+08 3 -125.583
2.652e+08 3 -125.804
2.653e+08 3 -134.915
2.654e+08 3 -137.911
2.655e+08 4 -144.904
2.656e+08 2 -145.280
2.657e+08 3 -145.145
2.658e+08 3 -144.905
2.659e+08 1 -145.170
2.660e+08 4 -142.335
2.661e+08 2 -145.123
2.662e+08 2 -134.713
2.663e+08 2 -135.207
2.664e+08 3 -132.175
2.665e+08 4 -145.249
2.666e+08 2 -144.746
2.667e+08 2 -145.255
2.668e+08 2 -144.626
2.669e+08 1 -125.065
2.670e+08 3 -135.290
2.671e+08 3 -135.127
2.672e+08 4 -134.997
2.673e+08 3 -135.230
2.674e+08 3 -134.921
2.675e+08 3 -134.181
2.676e+08 4 -135.062
2.677e+08 4 -145.007
2.678e+08 2 -134.919
2.679e+08 2 -144.873
2.680e+08 3 -144.632
2.681e+08 1 -147.339
2.682e+08 4 -144.879
2.683e+08 3 -145.031
2.684e+08 2 -134.962
2.685e+08 3 -135.313
2.686e+08 3 -135.665
2.687e+08 3 -142.904
2.688e+08 2 -144.666
2.689e+08 2 -132.621
2.690e+08 2 -114.737
2.691e+08 3 -104.603
2.692e+08 3 -105.183
2.693e+08 2 -105.958
2.694e+08 1 -106.209
2.695e+08 3 -104.923
2.696e+08 3 -104.555
2.697e+08 3 -105.075
2.698e+08 3 -105.204
2.699e+08 2 -110.113
2.700e+08 2 -115.294
2.701e+08 2 -114.873
2.702e+08 2 -114.671
2.703e+08 2 -124.627
2.704e+08 3 -132.378
2.705e+08 2 -135.138
2.706e+08 3 -135.277
2.707e+08 3 -140.929
2.708e+08 4 -144.992
2.709e+08 3 -125.091
2.710e+08 2 -125.398
2.711e+08 4 -122.594
2.712e+08 2 -115.036
2.713e+08 3 -114.893
2.714e+08 2 -115.411
2.715e+08 2 -114.293
2.716e+08 2 -118.980
2.717e+08 4 -125.193
2.718e+08 3 -124.637
2.719e+08 3 -124.616
2.720e+08 3 -135.040
2.721e+08 0 -133.763
2.722e+08 2 -145.753
2.723e+08 2 -144.801
2.724e+08 3 -145.329
2.725e+08 1 -144.777
2.726e+08 3 -145.082
2.727e+08 3 -145.375
2.728e+08 1 -145.002
2.729e+08 3 -145.055
2.730e+08 2 -146.509
2.731e+08 3 -135.228
2.732e+08 2 -131.906
2.733e+08 4 -124.875
2.734e+08 3 -125.165
2.735e+08 2 -124.777
2.736e+08 2 -124.812
2.737e+08 2 -124.340
2.738e+08 4 -135.001
2.739e+08 3 -145.151
2.740e+08 3 -140.157
2.741e+08 2 -144.956
2.742e+08 4 -140.139
2.743e+08 1 -144.340
2.744e+08 2 -144.035
2.745e+08 2 -134.940
2.746e+08 1 -134.996
2.747e+08 3 -134.766
2.748e+08 3 -145.049
2.749e+08 3 -135.135
2.750e+08 4 -135.015
2.751e+08 2 -134.787
2.752e+08 2 -134.687
2.753e+08 3 -135.004
2.754e+08 2 -135.455
2.755e+08 2 -135.058
2.756e+08 2 -135.021
2.757e+08 3 -129.087
2.758e+08 3 -125.159
2.759e+08 3 -135.164
2.760e+08 3 -132.713
2.761e+08 3 -130.161
2.762e+08 3 -114.985
2.763e+08 3 -114.905
2.764e+08 3 -104.975
2.765e+08 3 -109.791
2.766e+08 1 -104.169
2.767e+08 3 -115.164
2.768e+08 3 -115.323
2.769e+08 3 -114.952
2.770e+08 2 -114.757
2.771e+08 3 -114.869
2.772e+08 3 -121.431
2.773e+08 3 -124.941
2.774e+08 3 -124.707
2.775e+08 3 -134.997
2.776e+08 2 -135.557
2.777e+08 3 -134.861
2.778e+08 2 -135.023
2.779e+08 2 -134.030
2.780e+08 4 -134.851
2.781e+08 4 -129.868
2.782e+08 3 -144.628
2.783e+08 2 -144.823
2.784e+08 2 -145.056
2.785e+08 2 -145.177
2.786e+08 3 -145.027
2.787e+08 2 -145.162
2.788e+08 2 -146.013
2.789e+08 4 -145.104
2.790e+08 2 -145.149
2.791e+08 3 -144.497
2.792e+08 3 -144.708
2.793e+08 2 -144.035
2.794e+08 3 -145.062
2.795e+08 2 -144.734
2.796e+08 1 -144.665
2.797e+08 2 -145.055
2.798e+08 4 -145.255
2.799e+08 2 -144.520
2.800e+08 3 -139.446
2.801e+08 3 -144.865
2.802e+08 2 -139.921
2.803e+08 3 -145.207
2.804e+08 3 -135.144
2.805e+08 3 -134.955
2.806e+08 4 -132.354
2.807e+08 3 -132.483
2.808e+08 2 -145.282
2.809e+08 4 -144.970
2.810e+08 3 -144.933
2.811e+08 3 -145.076
2.812e+08 4 -145.158
2.813e+08 3 -144.659
2.814e+08 2 -145.562
2.815e+08 3 -144.900
2.816e+08 3 -144.904
2.817e+08 3 -145.454
2.818e+08 4 -140.289
2.819e+08 4 -137.528
2.820e+08 2 -143.964
2.821e+08 3 -142.497
2.822e+08 3 -145.005
2.823e+08 3 -144.719
2.824e+08 3 -127.572
2.825e+08 2 -124.924
2.826e+08 2 -135.206
2.827e+08 3 -144.834
2.828e+08 2 -145.013
2.829e+08 3 -145.384
2.830e+08 4 -135.119
2.831e+08 3 -131.143
2.832e+08 3 -135.159
2.833e+08 3 -134.702
2.834e+08 1 -135.202
2.835e+08 2 -125.027
2.836e+08 3 -125.868
2.837e+08 3 -115.001
2.838e+08 4 -115.053
2.839e+08 3 -115.057
2.840e+08 3 -95.114
2.841e+08 2 -103.664
2.842e+08 3 -88.200
2.843e+08 3 -95.823
2.844e+08 3 -104.901
2.845e+08 2 -103.518
2.846e+08 3 -100.006
2.847e+08 2 -105.548
2.848e+08 3 -105.532
2.849e+08 2 -94.928
2.850e+08 3 -95.352
2.851e+08 3 -92.521
2.852e+08 2 -95.572
2.853e+08 2 -95.130
2.854e+08 3 -95.557
2.855e+08 3 -87.674
2.856e+08 4 -82.347
2.857e+08 3 -95.108
2.858e+08 4 -85.025
2.859e+08 1 -85.172
2.860e+08 2 -65.185
2.861e+08 4 -69.855
2.862e+08 4 -64.815
2.863e+08 3 -55.370
2.864e+08 3 -65.385
2.865e+08 3 -64.762
2.866e+08 3 -83.646
2.867e+08 2 -85.057
2.868e+08 2 -84.912
2.869e+08 4 -90.159
2.870e+08 1 -95.046
2.871e+08 3 -95.019
2.872e+08 3 -94.768
2.873e+08 2 -95.104
2.874e+08 2 -104.861
2.875e+08 4 -117.673
2.876e+08 2 -122.522
2.877e+08 3 -115.598
2.878e+08 3 -124.694
2.879e+08 1 -124.021
2.880e+08 2 -115.550
2.881e+08 3 -105.142
2.882e+08 1 -104.953
2.883e+08 3 -115.218
2.884e+08 3 -115.448
2.885e+08 3 -118.101
2.886e+08 3 -125.005
2.887e+08 3 -124.761
2.888e+08 2 -124.687
2.889e+08 1 -130.330
2.890e+08 3 -120.994
2.891e+08 3 -114.886
2.892e+08 3 -115.038
2.893e+08 2 -115.002
2.894e+08 2 -114.795
2.895e+08 3 -115.243
2.896e+08 4 -115.129
2.897e+08 3 -119.810
2.898e+08 3 -115.084
2.899e+08 3 -114.876
2.900e+08 3 -115.073
2.901e+08 4 -102.476
2.902e+08 3 -104.892
2.903e+08 2 -105.047
2.904e+08 4 -105.065
2.905e+08 2 -105.005
2.906e+08 2 -96.550
2.907e+08 3 -85.012
2.908e+08 3 -74.980
2.909e+08 3 -74.902
2.910e+08 3 -75.091
2.911e+08 4 -75.091
2.912e+08 4 -75.127
2.913e+08 3 -75.220
2.914e+08 4 -85.129
2.915e+08 2 -75.003
2.916e+08 4 -60.008
2.917e+08 3 -54.865
2.918e+08 2 -47.401
2.919e+08 2 -44.891
2.920e+08 3 -24.903
2.921e+08 3 -25.909
2.922e+08 4 -19.973
2.923e+08 2 -24.609
2.924e+08 3 -25.075
2.925e+08 2 -25.444
2.926e+08 1 -26.240
2.927e+08 2 -25.349
2.928e+08 2 -28.473
2.929e+08 2 -21.418
2.930e+08 4 -19.954
2.931e+08 3 -10.121
2.932e+08 4 -25.219
2.933e+08 2 -24.973
2.934e+08 3 -15.078
2.935e+08 3 -14.803
2.936e+08 2 -24.553
2.937e+08 2 -14.911
2.938e+08 3 -14.638
2.939e+08 3 -20.028
2.940e+08 2 -25.199
2.941e+08 2 -17.531
2.942e+08 2 -10.963
2.943e+08 4 -4.996
2.943e+08 2 -3.661
